$ANSIBLE_VAULT;1.1;AES256
31666634383463363735643863643664666338323338633963646463653063333637353062643366
6138623539616136333662623834386663323064303165360a613535613135363531373637626163
31346531356631343838653062303563346563373665353338323661396339363033616165343466
3738373866323161660a623332306166346361383938353465653565396631616564643733303538
30653464616337313638636234643862613966633138653866363033353634663130616237303262
31333937613130663632613239663564356566626630303864626334386137393638363331373966
61373166326364373938313363393434363462646538363236633832333563626665656537316536
33343061663136666363393564373730356532633962376432623662373132636330373664666135
62623231663635353536653131656434336139623436363661363131646461653331653331633030
35663630363231336363373763346363383733366636396239633839613930326465363735653530
65353366633666666332333965303331343035366435323430613964303636306337373930326332
36376139303763663731623337313462313236646331633666386637643164393863393935333231
31663039653266323336316562373333333836376538656366613632373337313064343533383665
64343337623537643531306664663433323261346238623435333136626362666362323263396163
66646433633334623237383365643336313133646133646665393366326234393738663931636461
32313839653737336238643034656339623139303761313661316361326331336434313861663961
34336230373832653439613364613535626531366530616538666433396233376230346333643433
65366165316133656264653531633534376234343330333562386264306566656363303330663931
31306562616134353766323464646439353165386665633139366662383462623331376663656133
36643635353161633363623065323339636431393461646365353231656361653537386563336335
38656231313031316331323735316338313366363365646564636330343937366261336262386330
30326231376338316237373830316261353139326162373731663462666430633334616537636131
38333738376233363663633136306562303930613434343839326564346537623061313738626537
31636537373564343535653739356465633565646365303638313566346536656430623330383235
39316338373537323933356539356432326238333835313266656639326663343265303339383533
37616532626634303135356163646630373562366264643636376262376539353362633430396534
65646535646164666231363532376361373163353737613739366133366366353530383438656635
37316532353537326634393433396666346130386664336333346535656336623066353732363332
64663136373263643761653665353566633966366635326564313062633561343339343731663665
6637633034303831333437653837353865613639323737346566
